#'.__T__FHtest:.GlobalEnv' <-
#<environment>
.Random.seed <-
c(403L, 217L, 2135092919L, 1044394018L, -374800472L, 1745816509L,
-864104365L, -1887398447L, -140056298L, 1807010378L, 1215507630L,
-867665443L, -1045803286L, -1006447491L, -2088743626L, -1083808461L,
-1072091403L, 1269541397L, 1673298101L, -1373092097L, 1317389384L,
1377804592L, -1668485304L, 680340001L, 557713244L, 1806222895L,
-1691470897L, -759770551L, 672109293L, -1935441571L, 26417299L,
128778753L, 1211570930L, 1983550642L, 961241896L, -1424502681L,
-360773035L, 1864412159L, -346821351L, 51578602L, -1851394968L,
859076351L, 2090225762L, 363295145L, 774176171L, 626880740L,
-2014686946L, 198944931L, 2072187191L, -560113857L, -1788200961L,
-767386115L, -1938750359L, 1848510142L, -796570145L, 551751048L,
71709508L, 1548061075L, 318531623L, -1834113352L, 701537485L,
-1698807419L, 1517245235L, 583008073L, 1682940272L, -2047708922L,
2012789812L, -230794098L, 378505692L, 844900892L, 1595512936L,
654133845L, -2074174405L, -689480545L, -1066807419L, -780657405L,
-672685336L, 1723815288L, 1296787211L, -540251532L, -135531361L,
-563472728L, 1570849244L, 1977107795L, 1746294188L, -732823203L,
1842466261L, -939453803L, 659698929L, 627770189L, -952206041L,
-93444242L, -1197069038L, 517013271L, -1702786599L, 94662399L,
667495910L, -393956434L, -652168838L, 322008503L, -1418181132L,
1859535809L, 540034023L, -576710331L, -88487254L, -981359798L,
2107125882L, -511425887L, -563232805L, -2017496498L, -1848062140L,
-1485956044L, 428459094L, 1737957398L, 1212535356L, -1848341547L,
-688091259L, 1205834906L, 1404939410L, -77392840L, -168740914L,
-1507846373L, 1838481655L, 340962604L, -1653204994L, 768189414L,
-228640193L, 444074227L, 352015184L, 1292480429L, -36226546L,
-1647463105L, 37521826L, -1712661646L, 1900498347L, -888140933L,
-1481944565L, -1860848542L, -993189605L, 1767196284L, 1462285801L,
1292785670L, 775952691L, -234421073L, 2097891432L, 641216830L,
-1911817228L, -1077756156L, 2116229669L, 637480205L, -141962395L,
-1166050486L, -1811173105L, 4538990L, 36325835L, 965467985L,
583610426L, 510384269L, 1394239819L, -1865178300L, -707245720L,
-2025031521L, 1840373329L, -1164232802L, -266655959L, 887187482L,
1750686545L, 86209720L, 260043847L, 1210232038L, 968253570L,
896951565L, -1374141430L, -544018227L, 980475884L, 238005097L,
-138830662L, 2076842465L, -195336906L, -324209662L, -727984937L,
-1807970537L, -647388051L, -671737962L, -853617285L, -221072989L,
-35182596L, -1148838682L, -1410803899L, -824703929L, -489045992L,
1805972669L, -595838527L, -1161030009L, 1664075226L, 1438615574L,
2078875639L, 1510047728L, 558214457L, 1835063319L, 1006850255L,
1645224897L, 208739672L, -1696246627L, 311663439L, 1994305839L,
397078888L, -812419980L, -1780017039L, -864114092L, -1712399348L,
-1927709121L, -21758469L, 966643304L, 180130691L, 395699554L,
-355328486L, -52482885L, 1588560009L, -1463204868L, -264872555L,
-825106338L, -543808535L, 1230284020L, -332725440L, 1434042546L,
2001320092L, -109683311L, -2004208201L, -1060597681L, -37588782L,
1726366794L, 143658374L, 202683812L, -1516354737L, -30898287L,
-1391664208L, -1473350393L, 311017151L, 1128561217L, -1303671599L,
1880323781L, -1518527163L, -167878864L, -1268765979L, 210658821L,
-1313185826L, -799455782L, 1549877594L, -1364520386L, 1915951705L,
-916663551L, -1656251482L, 608880727L, 703939365L, -811065743L,
1220207537L, -1259266020L, 1272869718L, 1131022888L, -1051692567L,
417334463L, -1526178636L, 1321010232L, -283066195L, 399006018L,
-246297403L, 1176090075L, 477070424L, -898678493L, 738297125L,
-958905707L, -173678590L, 112393644L, -391238491L, 179815347L,
-1628471739L, 445156192L, -272815342L, 365505432L, 423766481L,
-67769867L, 343774505L, 1002539231L, 856796526L, -912727172L,
430397929L, -1263332379L, 1263897779L, -1688159305L, -242163414L,
91837483L, 28324355L, -12005722L, -1046985129L, -399812351L,
-1939088035L, -1708707603L, -2116728900L, -1811319011L, -1272800318L,
1215581167L, 1368906301L, 1445463725L, -1396738973L, 2005800532L,
1710686978L, 455433336L, 1223548517L, -1461359789L, -395594642L,
-498700544L, 1609674620L, 195429995L, -170540872L, -897695505L,
1978565707L, 288340860L, -1161259323L, 1086808661L, -692764015L,
-1756148151L, -1105759872L, 734185072L, -403331979L, -1228671369L,
1996481127L, 629229626L, 507818435L, -1249789696L, -783795023L,
1817016760L, 712978559L, -227796357L, 1674687458L, -1371049016L,
216112219L, 425384577L, 678210872L, 346512307L, -1541148441L,
-1966278018L, 1806278974L, 1663214116L, 2118605373L, -516256800L,
23983644L, 1838631006L, 1595344028L, -45111302L, 161404684L,
-223454484L, -655715540L, -1712558788L, 581856997L, 503885636L,
-798607223L, 199479897L, -1951812090L, 698208577L, 2050060780L,
-1414235866L, -1779309756L, -490191131L, -124256817L, 705711907L,
1279569493L, -1359265847L, -1163229298L, -1420158233L, 1062359137L,
-1249165907L, -256582344L, 1475771916L, -1425225757L, 578653864L,
1162379989L, 1060729995L, 1214912263L, 694247837L, -370685218L,
1840229524L, 1839693497L, -1238391834L, -877892079L, 227679447L,
1332082195L, 1871296966L, 425863440L, -583265245L, 973319519L,
391717045L, 915748640L, -175413192L, -2068634601L, 970749133L,
1604336965L, -1917079151L, -1836711171L, -1550089893L, 2029935894L,
1618279001L, -725548140L, -815579515L, -2065434296L, 1262815731L,
1659841641L, 2102518325L, 162393576L, 768290585L, 399015859L,
1586026278L, 1253327158L, 1403087095L, -681668019L, 1306372072L,
216510595L, 413375619L, 2041550045L, 1708154067L, -1750951893L,
282302705L, -361196572L, 166595647L, -156534974L, 367758216L,
-54729618L, -1487649597L, -828400601L, -1849768210L, -852361272L,
348340294L, 106835952L, -616760295L, 221877628L, -1011669786L,
-231785131L, -1998066955L, -1972228257L, -1315271679L, 1179067583L,
-1020636787L, -1878633138L, 819645294L, 1977591527L, -394156660L,
783569748L, -1397339434L, 966880019L, -574151940L, 2110815681L,
-786579533L, 2081903935L, -1913274206L, -189391162L, 226758469L,
-1052558975L, 1755426295L, 611708730L, -1555340164L, 988914970L,
-1705766536L, 1861651336L, 1528640521L, -94929740L, -2000789334L,
1196816878L, -583277647L, 599156124L, -2064790120L, -1116095084L,
485218694L, -508614655L, -135735234L, 238293943L, 1217997163L,
-364689793L, 640219029L, -117042236L, 862923728L, 930338511L,
828570162L, -1377357279L, -1737918576L, 912617941L, -492851396L,
-1133660687L, 470003449L, 1230227084L, 436596716L, 1243856752L,
1796347049L, -496517297L, -723778427L, -99191959L, 81536212L,
-2142689858L, -678469634L, -1700842730L, 1174995318L, -1079457232L,
393072855L, -1434898272L, -1116842238L, 1170129790L, 1943026249L,
154911496L, 616419586L, 959095467L, -1732175873L, -633898895L,
226703807L, -9453400L, 495005439L, 539605142L, 222079171L, 138965996L,
-1297849511L, -1031961974L, 181748239L, -1500134072L, -217800889L,
-2058075954L, -2026982091L, 1334490894L, 1029415973L, -1497559366L,
-4516588L, 1413557485L, -485435822L, -986157109L, 1874886963L,
-1302419945L, 674128753L, -2073869745L, 1894314976L, 1061152242L,
1569368191L, 1490737335L, 1454078895L, -13836443L, -1652792367L,
1533998534L, 134049181L, -107296041L, 889731306L, 1599079147L,
-1564173865L, 1603886235L, 1283109686L, -1126844737L, 1811668107L,
-1538665072L, -1810793042L, -586525974L, -133036140L, -35044964L,
793016602L, -970466966L, -1511691911L, -402322194L, 1770559792L,
-124023124L, 1075419095L, 2069699592L, -2544777L, 513437316L,
-2003959905L, 1686353691L, 1884935353L, 2094440395L, -1242525097L,
1645505568L, -1025487975L, 459644979L, 1976972474L, -88680789L,
1163812657L, -1846595586L, 1904011634L, -1472211688L, -1946609105L,
-2143148566L, 1376863687L, 704174087L, 1307625941L, 1402606503L,
-1392422628L, -874833531L, -1017630406L, -1344394722L, 1332120513L,
1571173606L, 679143791L, -693501395L, -1961988001L, 1030249077L,
-388018401L, 1622510037L, 41802483L, 1287149866L, 597203595L,
